20200101	20200131	88.75
20200201	20200228	69.25
20200301	20200331	68.37
20200401	20200430	89.49
20200501	20200531	65.35
20200601	20200630	43.33
20200701	20200731	10.13
20200801	20200831	8.67
20200901	20200930	19.55
20201001	20201031	17.93
20201101	20201130	33.3
20201201	20201231	33.09
20210101	20210131	75.31
20210201	20210229	65.44
20210301	20210331	74.2
20210401	20210430	62.06
20210501	20210531	73.76
20210601	20210630	27.14
20210701	20210731	11.39
20210801	20210831	3.92
20210901	20210930	26.79
20211001	20211031	57.5
20211101	20211130	54.45
20211201	20211231	41.08
20220101	20220131	52.96
20220201	20220229	64.59
20220301	20220331	62.23
20220401	20220430	101.81
20220501	20220531	78.54
20220601	20220630	30.86
20220701	20220731	10.15
20220801	20220831	7.05
20220901	20220930	16.25
20221001	20221031	43.83
20221101	20221130	44.58
20221201	20221231	74.68
20230101	20230131	60.74
20230201	20230229	86.96
20230301	20230331	38.03
20230401	20230430	66.38
20230501	20230531	55.01
20230601	20230630	31.06
20230701	20230731	8.79
20230801	20230831	5.62
20230901	20230930	9.85
20231001	20231031	63.48
20231101	20231130	65.35
20231201	20231231	65.42
20240101	20240131	67.16
20240201	20240229	47.59
20240301	20240331	122.62
20240401	20240430	58.21
20240501	20240531	59.6
20240601	20240630	29.38
20240701	20240731	8.65
20240801	20240831	4.95
20240901	20240930	19.99
20241001	20241031	36.53
20241101	20241130	40.43
20241201	20241231	60.68
20250101	20250131	58.79
20250201	20250229	86.65
20250301	20250331	56.3
20250401	20250430	98.99
20250501	20250531	71
20250601	20250630	26.1
20250701	20250731	17.45
20250801	20250831	6.68
20250901	20250930	16.41
20251001	20251031	57.64
20251101	20251130	35.21
20251201	20251231	48.98
20260101	20260131	54.53
20260201	20260229	69.36
20260301	20260331	82.86
20260401	20260430	73.97
20260501	20260531	96.22
20260601	20260630	33.25
20260701	20260731	16.57
20260801	20260831	7.23
20260901	20260930	8.71
20261001	20261031	49.78
20261101	20261130	74.16
20261201	20261231	67.01
20270101	20270131	72.78
20270201	20270229	28.67
20270301	20270331	62.06
20270401	20270430	85.38
20270501	20270531	42.77
20270601	20270630	29.19
20270701	20270731	12.94
20270801	20270831	5.64
20270901	20270930	14.49
20271001	20271031	28.04
20271101	20271130	44.52
20271201	20271231	53.52
20280101	20280131	58.24
20280201	20280229	62.87
20280301	20280331	62.1
20280401	20280430	70.91
20280501	20280531	42.36
20280601	20280630	22.24
20280701	20280731	14
20280801	20280831	6.64
20280901	20280930	24.98
20281001	20281031	23.66
20281101	20281130	68.28
20281201	20281231	69.73
20290101	20290131	69.07
20290201	20290229	54.13
20290301	20290331	55.68
20290401	20290430	73.79
20290501	20290531	80.3
20290601	20290630	36.68
20290701	20290731	12.24
20290801	20290831	4.58
20290901	20290930	24.97
20291001	20291031	49.29
20291101	20291130	73.2
20291201	20291231	92.9
20300101	20300131	78.38
20300201	20300229	57.82
20300301	20300331	52.78
20300401	20300430	78.19
20300501	20300531	90.41
20300601	20300630	31.89
20300701	20300731	5.15
20300801	20300831	4.91
20300901	20300930	21.14
20301001	20301031	45.52
20301101	20301130	33.41
20301201	20301231	53.79
20310101	20310131	56.77
20310201	20310229	57.19
20310301	20310331	73.75
20310401	20310430	48.12
20310501	20310531	51.81
20310601	20310630	28.74
20310701	20310731	16.3
20310801	20310831	3.81
20310901	20310930	24.74
20311001	20311031	57.21
20311101	20311130	83.95
20311201	20311231	62.51
20320101	20320131	65.22
20320201	20320229	52.49
20320301	20320331	68.98
20320401	20320430	86.56
20320501	20320531	61.15
20320601	20320630	28.11
20320701	20320731	13.06
20320801	20320831	6.24
20320901	20320930	11.93
20321001	20321031	52.95
20321101	20321130	49.13
20321201	20321231	65.31
20330101	20330131	70.78
20330201	20330229	75.52
20330301	20330331	71.29
20330401	20330430	68.57
20330501	20330531	75.79
20330601	20330630	35.17
20330701	20330731	14.75
20330801	20330831	5.18
20330901	20330930	18.83
20331001	20331031	30.34
20331101	20331130	54.81
20331201	20331231	48.03
20340101	20340131	105.66
20340201	20340229	81.75
20340301	20340331	64.29
20340401	20340430	72.64
20340501	20340531	58.78
20340601	20340630	38.06
20340701	20340731	9.31
20340801	20340831	4.56
20340901	20340930	15.63
20341001	20341031	39.12
20341101	20341130	55.28
20341201	20341231	52.26
20350101	20350131	83
20350201	20350229	62.02
20350301	20350331	45.66
20350401	20350430	88.84
20350501	20350531	53.77
20350601	20350630	43.19
20350701	20350731	10.99
20350801	20350831	3.88
20350901	20350930	16.78
20351001	20351031	36.03
20351101	20351130	52.51
20351201	20351231	54.37
20360101	20360131	63.37
20360201	20360229	64.87
20360301	20360331	66.37
20360401	20360430	94.9
20360501	20360531	79.79
20360601	20360630	35.18
20360701	20360731	6.83
20360801	20360831	3.79
20360901	20360930	19.31
20361001	20361031	32.61
20361101	20361130	60.66
20361201	20361231	46.56
20370101	20370131	81.93
20370201	20370229	63.47
20370301	20370331	68.7
20370401	20370430	95.51
20370501	20370531	64.6
20370601	20370630	40.45
20370701	20370731	11.81
20370801	20370831	5.39
20370901	20370930	9.54
20371001	20371031	48.91
20371101	20371130	48.53
20371201	20371231	45.35
20380101	20380131	55.65
20380201	20380229	64.69
20380301	20380331	81.16
20380401	20380430	91.92
20380501	20380531	64.03
20380601	20380630	19.11
20380701	20380731	18.28
20380801	20380831	6.32
20380901	20380930	18.24
20381001	20381031	48.46
20381101	20381130	83.68
20381201	20381231	88.14
20390101	20390131	72.32
20390201	20390229	47.44
20390301	20390331	69.23
20390401	20390430	88.39
20390501	20390531	73.16
20390601	20390630	28.14
20390701	20390731	7.66
20390801	20390831	4.61
20390901	20390930	8.11
20391001	20391031	25.33
20391101	20391130	41.14
20391201	20391231	64.46
20400101	20400131	64.09
20400201	20400229	62.41
20400301	20400331	77.37
20400401	20400430	110.64
20400501	20400531	52.66
20400601	20400630	17.87
20400701	20400731	7.29
20400801	20400831	11.84
20400901	20400930	18.17
20401001	20401031	53.96
20401101	20401130	44.82
20401201	20401231	40.01
20410101	20410131	75.61
20410201	20410229	57.54
20410301	20410331	103.37
20410401	20410430	79.82
20410501	20410531	60.33
20410601	20410630	20.05
20410701	20410731	10.78
20410801	20410831	6
20410901	20410930	16.53
20411001	20411031	55.34
20411101	20411130	61.16
20411201	20411231	51.54
20420101	20420131	103.78
20420201	20420229	56.52
20420301	20420331	68.4
20420401	20420430	85.64
20420501	20420531	63.61
20420601	20420630	33.94
20420701	20420731	12.16
20420801	20420831	5.19
20420901	20420930	14.87
20421001	20421031	43.63
20421101	20421130	69.86
20421201	20421231	86.76
20430101	20430131	85.37
20430201	20430229	80.99
20430301	20430331	62.36
20430401	20430430	69.58
20430501	20430531	70.35
20430601	20430630	38.23
20430701	20430731	12.43
20430801	20430831	6.54
20430901	20430930	22.1
20431001	20431031	26.54
20431101	20431130	70.69
20431201	20431231	47.5
20440101	20440131	76.5
20440201	20440229	55.16
20440301	20440331	66.78
20440401	20440430	56.68
20440501	20440531	51.46
20440601	20440630	34.31
20440701	20440731	6.81
20440801	20440831	2.6
20440901	20440930	35.62
20441001	20441031	44.32
20441101	20441130	75.15
20441201	20441231	63.74
20450101	20450131	76.53
20450201	20450229	62.13
20450301	20450331	56.29
20450401	20450430	96.43
20450501	20450531	52.66
20450601	20450630	27.86
20450701	20450731	6.96
20450801	20450831	3.06
20450901	20450930	7.29
20451001	20451031	61.51
20451101	20451130	36.41
20451201	20451231	46.93
20460101	20460131	83.14
20460201	20460229	62.4
20460301	20460331	67.8
20460401	20460430	74.42
20460501	20460531	54.34
20460601	20460630	22.65
20460701	20460731	12.28
20460801	20460831	3.31
20460901	20460930	18.56
20461001	20461031	69.22
20461101	20461130	46.01
20461201	20461231	46.82
20470101	20470131	51.4
20470201	20470229	61.1
20470301	20470331	58.31
20470401	20470430	56.29
20470501	20470531	67.11
20470601	20470630	19.53
20470701	20470731	3.7
20470801	20470831	5.48
20470901	20470930	17.53
20471001	20471031	67.66
20471101	20471130	56.02
20471201	20471231	52.18
20480101	20480131	86.38
20480201	20480229	85.23
20480301	20480331	80.83
20480401	20480430	68.41
20480501	20480531	49.66
20480601	20480630	42.17
20480701	20480731	13.9
20480801	20480831	3.8
20480901	20480930	19.9
20481001	20481031	53.35
20481101	20481130	51.32
20481201	20481231	57.83
20490101	20490131	86.26
20490201	20490229	54.65
20490301	20490331	60.19
20490401	20490430	94.98
20490501	20490531	54.93
20490601	20490630	31.96
20490701	20490731	5.03
20490801	20490831	3.45
20490901	20490930	14.62
20491001	20491031	48.8
20491101	20491130	62.72
20491201	20491231	61.4
20500101	20500131	77.45
20500201	20500229	57.79
20500301	20500331	44.86
20500401	20500430	93.11
20500501	20500531	77.05
20500601	20500630	31.27
20500701	20500731	13.15
20500801	20500831	4.82
20500901	20500930	12.89
20501001	20501031	69.9
20501101	20501130	76.17
20501201	20501231	63.62
20510101	20510131	83.59
20510201	20510229	59.44
20510301	20510331	97.66
20510401	20510430	81.54
20510501	20510531	52.48
20510601	20510630	28.08
20510701	20510731	9.14
20510801	20510831	3.95
20510901	20510930	12.02
20511001	20511031	53.28
20511101	20511130	76.36
20511201	20511231	64.13
20520101	20520131	80.22
20520201	20520229	66.73
20520301	20520331	75.54
20520401	20520430	65.67
20520501	20520531	57.55
20520601	20520630	19.23
20520701	20520731	4.76
20520801	20520831	6.62
20520901	20520930	16.61
20521001	20521031	79.58
20521101	20521130	61.45
20521201	20521231	45.86
20530101	20530131	72.98
20530201	20530229	59.19
20530301	20530331	59.69
20530401	20530430	54.85
20530501	20530531	55.75
20530601	20530630	45.89
20530701	20530731	6.73
20530801	20530831	2.96
20530901	20530930	11.16
20531001	20531031	53.66
20531101	20531130	57.9
20531201	20531231	36.35
20540101	20540131	79.58
20540201	20540229	64.76
20540301	20540331	51.93
20540401	20540430	72.91
20540501	20540531	89.08
20540601	20540630	32.77
20540701	20540731	5.46
20540801	20540831	3.04
20540901	20540930	10.96
20541001	20541031	71.94
20541101	20541130	42.11
20541201	20541231	79.23
20550101	20550131	79.3
20550201	20550229	81.17
20550301	20550331	107.9
20550401	20550430	69.93
20550501	20550531	43.9
20550601	20550630	29.6
20550701	20550731	13.81
20550801	20550831	4.77
20550901	20550930	21.24
20551001	20551031	57.86
20551101	20551130	51.95
20551201	20551231	62.76
20560101	20560131	101.4
20560201	20560229	58.74
20560301	20560331	60.54
20560401	20560430	82.28
20560501	20560531	54.81
20560601	20560630	25.78
20560701	20560731	7.85
20560801	20560831	6.89
20560901	20560930	14.42
20561001	20561031	54.43
20561101	20561130	44.13
20561201	20561231	41.96
20570101	20570131	73.77
20570201	20570229	39.08
20570301	20570331	70.04
20570401	20570430	112.69
20570501	20570531	64.69
20570601	20570630	23.3
20570701	20570731	8.36
20570801	20570831	5.15
20570901	20570930	18.28
20571001	20571031	52.22
20571101	20571130	35.37
20571201	20571231	52.44
20580101	20580131	90.8
20580201	20580229	69.04
20580301	20580331	54.56
20580401	20580430	69.99
20580501	20580531	61.11
20580601	20580630	33.8
20580701	20580731	4.78
20580801	20580831	4.77
20580901	20580930	6.45
20581001	20581031	43.66
20581101	20581130	25.2
20581201	20581231	41.75
20590101	20590131	62.55
20590201	20590229	67.35
20590301	20590331	68.34
20590401	20590430	82.28
20590501	20590531	60.94
20590601	20590630	36.08
20590701	20590731	9.02
20590801	20590831	5.76
20590901	20590930	21.64
20591001	20591031	52.84
20591101	20591130	68.02
20591201	20591231	84.74
20600101	20600131	71
20600201	20600229	73.66
20600301	20600331	90.02
20600401	20600430	56.04
20600501	20600531	85.29
20600601	20600630	39.4
20600701	20600731	11.78
20600801	20600831	3.9
20600901	20600930	12.4
20601001	20601031	48.07
20601101	20601130	61.65
20601201	20601231	64.12
20610101	20610131	92.23
20610201	20610229	47.32
20610301	20610331	84.9
20610401	20610430	93.14
20610501	20610531	59.95
20610601	20610630	20.57
20610701	20610731	7.67
20610801	20610831	5.56
20610901	20610930	7.81
20611001	20611031	55.2
20611101	20611130	91.67
20611201	20611231	81.2
20620101	20620131	82.99
20620201	20620229	84.54
20620301	20620331	79.6
20620401	20620430	77.59
20620501	20620531	87
20620601	20620630	25.8
20620701	20620731	6.32
20620801	20620831	3.68
20620901	20620930	23.41
20621001	20621031	53.35
20621101	20621130	49.23
20621201	20621231	46.99
20630101	20630131	64.37
20630201	20630229	59.23
20630301	20630331	89.49
20630401	20630430	77.67
20630501	20630531	54.82
20630601	20630630	25.56
20630701	20630731	6.31
20630801	20630831	5.27
20630901	20630930	32.43
20631001	20631031	26.04
20631101	20631130	65.24
20631201	20631231	40.36
20640101	20640131	62.71
20640201	20640229	68.02
20640301	20640331	84.9
20640401	20640430	83.61
20640501	20640531	45.37
20640601	20640630	23.35
20640701	20640731	8.2
20640801	20640831	5.18
20640901	20640930	23.68
20641001	20641031	59.58
20641101	20641130	79.5
20641201	20641231	51.07
20650101	20650131	46.7
20650201	20650229	58.67
20650301	20650331	60.78
20650401	20650430	70.36
20650501	20650531	75.16
20650601	20650630	26.67
20650701	20650731	7.71
20650801	20650831	5.42
20650901	20650930	13.81
20651001	20651031	62.92
20651101	20651130	55.01
20651201	20651231	55.96
20660101	20660131	51.97
20660201	20660229	66.16
20660301	20660331	78.07
20660401	20660430	85.49
20660501	20660531	76.93
20660601	20660630	36.95
20660701	20660731	9.9
20660801	20660831	6
20660901	20660930	11.13
20661001	20661031	48.51
20661101	20661130	64.06
20661201	20661231	78.32
20670101	20670131	41.04
20670201	20670229	55.96
20670301	20670331	81.23
20670401	20670430	71.25
20670501	20670531	60.37
20670601	20670630	18.56
20670701	20670731	8.34
20670801	20670831	4.91
20670901	20670930	11.06
20671001	20671031	71.52
20671101	20671130	65.03
20671201	20671231	40.69
20680101	20680131	68.97
20680201	20680229	60.18
20680301	20680331	55.15
20680401	20680430	56.24
20680501	20680531	72.98
20680601	20680630	26.98
20680701	20680731	8.13
20680801	20680831	3.52
20680901	20680930	17.61
20681001	20681031	99.37
20681101	20681130	29.53
20681201	20681231	56.8
20690101	20690131	85.65
20690201	20690229	78.76
20690301	20690331	76.98
20690401	20690430	67.17
20690501	20690531	58.9
20690601	20690630	26.59
20690701	20690731	6.1
20690801	20690831	3.35
20690901	20690930	21.89
20691001	20691031	58.08
20691101	20691130	68.24
20691201	20691231	45.33
20700101	20700131	71.92
20700201	20700229	53.53
20700301	20700331	76.4
20700401	20700430	77.04
20700501	20700531	38.12
20700601	20700630	23.72
20700701	20700731	5.28
20700801	20700831	4.63
20700901	20700930	12.59
20701001	20701031	52.32
20701101	20701130	57.21
20701201	20701231	82.79
20710101	20710131	42.47
20710201	20710229	56.2
20710301	20710331	68.34
20710401	20710430	106.93
20710501	20710531	48.53
20710601	20710630	19.37
20710701	20710731	7.48
20710801	20710831	3.03
20710901	20710930	20.91
20711001	20711031	80.84
20711101	20711130	85.62
20711201	20711231	56.11
20720101	20720131	64.4
20720201	20720229	73.78
20720301	20720331	89.19
20720401	20720430	75.95
20720501	20720531	74.27
20720601	20720630	14.26
20720701	20720731	7.93
20720801	20720831	7.17
20720901	20720930	40.43
20721001	20721031	39.54
20721101	20721130	57.77
20721201	20721231	62.43
20730101	20730131	67.04
20730201	20730229	59.48
20730301	20730331	104.53
20730401	20730430	107.24
20730501	20730531	59.34
20730601	20730630	25.86
20730701	20730731	10.3
20730801	20730831	8.03
20730901	20730930	19.12
20731001	20731031	38.26
20731101	20731130	63.07
20731201	20731231	48.57
20740101	20740131	90.99
20740201	20740229	81.44
20740301	20740331	90.06
20740401	20740430	104.34
20740501	20740531	63.07
20740601	20740630	24.67
20740701	20740731	4.18
20740801	20740831	7.29
20740901	20740930	10.88
20741001	20741031	35.85
20741101	20741130	43.8
20741201	20741231	71.25
20750101	20750131	56.45
20750201	20750229	50.97
20750301	20750331	74.53
20750401	20750430	72.67
20750501	20750531	38.53
20750601	20750630	17.73
20750701	20750731	8.35
20750801	20750831	3.25
20750901	20750930	26.61
20751001	20751031	63.57
20751101	20751130	64.96
20751201	20751231	52.44
20760101	20760131	70.92
20760201	20760229	52.36
20760301	20760331	82.37
20760401	20760430	88.94
20760501	20760531	85.94
20760601	20760630	51.79
20760701	20760731	9.56
20760801	20760831	4.56
20760901	20760930	33.14
20761001	20761031	61.57
20761101	20761130	24.3
20761201	20761231	62.76
20770101	20770131	97
20770201	20770229	57.41
20770301	20770331	77.02
20770401	20770430	68.5
20770501	20770531	69.61
20770601	20770630	17.4
20770701	20770731	5.44
20770801	20770831	1.19
20770901	20770930	32.5
20771001	20771031	58.01
20771101	20771130	50.97
20771201	20771231	46.22
20780101	20780131	50.06
20780201	20780229	51.39
20780301	20780331	73.28
20780401	20780430	72.58
20780501	20780531	49.43
20780601	20780630	21.82
20780701	20780731	10.62
20780801	20780831	7
20780901	20780930	12.16
20781001	20781031	58.99
20781101	20781130	75.05
20781201	20781231	58
20790101	20790131	85.76
20790201	20790229	54.17
20790301	20790331	90.7
20790401	20790430	91.38
20790501	20790531	48.36
20790601	20790630	32.14
20790701	20790731	14.73
20790801	20790831	7.24
20790901	20790930	21.26
20791001	20791031	43.42
20791101	20791130	57.66
20791201	20791231	48.03
20800101	20800131	54.08
20800201	20800229	47.91
20800301	20800331	90.05
20800401	20800430	102.71
20800501	20800531	39.96
20800601	20800630	21.09
20800701	20800731	6.77
20800801	20800831	4.77
20800901	20800930	14.65
20801001	20801031	38.8
20801101	20801130	63.92
20801201	20801231	58
20810101	20810131	70.48
20810201	20810229	46.43
20810301	20810331	63.26
20810401	20810430	96.13
20810501	20810531	65.7
20810601	20810630	27.76
20810701	20810731	11.4
20810801	20810831	6.53
20810901	20810930	23.39
20811001	20811031	52.57
20811101	20811130	36.59
20811201	20811231	86.31
20820101	20820131	73.06
20820201	20820229	35.93
20820301	20820331	73.34
20820401	20820430	72.43
20820501	20820531	49.16
20820601	20820630	20.9
20820701	20820731	4.91
20820801	20820831	4.27
20820901	20820930	11.5
20821001	20821031	61.13
20821101	20821130	67.89
20821201	20821231	57.65
20830101	20830131	81.39
20830201	20830229	58.27
20830301	20830331	67.13
20830401	20830430	82.74
20830501	20830531	71.49
20830601	20830630	26.74
20830701	20830731	9.25
20830801	20830831	2.33
20830901	20830930	20.95
20831001	20831031	56.76
20831101	20831130	73.21
20831201	20831231	52.59
20840101	20840131	90.74
20840201	20840229	59.03
20840301	20840331	59.84
20840401	20840430	91.02
20840501	20840531	35.77
20840601	20840630	42.98
20840701	20840731	6.73
20840801	20840831	5.34
20840901	20840930	13.16
20841001	20841031	26.96
20841101	20841130	78.37
20841201	20841231	83.44
20850101	20850131	53.94
20850201	20850229	67.02
20850301	20850331	35.48
20850401	20850430	72.69
20850501	20850531	56.14
20850601	20850630	30.94
20850701	20850731	8.3
20850801	20850831	4.14
20850901	20850930	34.96
20851001	20851031	50.87
20851101	20851130	64.17
20851201	20851231	52.32
20860101	20860131	99.5
20860201	20860229	71.18
20860301	20860331	91.66
20860401	20860430	83.08
20860501	20860531	57.75
20860601	20860630	13.57
20860701	20860731	9.69
20860801	20860831	3.41
20860901	20860930	8.39
20861001	20861031	50.65
20861101	20861130	73.54
20861201	20861231	40.71
20870101	20870131	76.17
20870201	20870229	77.66
20870301	20870331	76.23
20870401	20870430	62.26
20870501	20870531	33.42
20870601	20870630	19.42
20870701	20870731	8.43
20870801	20870831	8.4
20870901	20870930	18.91
20871001	20871031	43.21
20871101	20871130	65.2
20871201	20871231	47.27
20880101	20880131	61.67
20880201	20880229	66.07
20880301	20880331	72.44
20880401	20880430	63.79
20880501	20880531	32.37
20880601	20880630	29.06
20880701	20880731	8.49
20880801	20880831	8.53
20880901	20880930	25.35
20881001	20881031	70.99
20881101	20881130	56.79
20881201	20881231	60.29
20890101	20890131	97.26
20890201	20890229	53.85
20890301	20890331	72.75
20890401	20890430	101.57
20890501	20890531	37.29
20890601	20890630	20.7
20890701	20890731	8.85
20890801	20890831	5.81
20890901	20890930	18.67
20891001	20891031	52.12
20891101	20891130	52.66
20891201	20891231	50.99
20900101	20900131	64.24
20900201	20900229	76.75
20900301	20900331	97.01
20900401	20900430	94.46
20900501	20900531	97.03
20900601	20900630	28.76
20900701	20900731	7.79
20900801	20900831	5.95
20900901	20900930	24.96
20901001	20901031	51.23
20901101	20901130	43.98
20901201	20901231	40.45
20910101	20910131	67.1
20910201	20910229	61.16
20910301	20910331	63.99
20910401	20910430	79.68
20910501	20910531	51.11
20910601	20910630	40.19
20910701	20910731	12.47
20910801	20910831	5
20910901	20910930	22.01
20911001	20911031	31.07
20911101	20911130	78.67
20911201	20911231	84.68
20920101	20920131	85.47
20920201	20920229	40.9
20920301	20920331	65.56
20920401	20920430	80.54
20920501	20920531	45.24
20920601	20920630	13.64
20920701	20920731	8.91
20920801	20920831	7.37
20920901	20920930	28.71
20921001	20921031	53.72
20921101	20921130	63.33
20921201	20921231	59.34
20930101	20930131	87.7
20930201	20930229	73.78
20930301	20930331	72.89
20930401	20930430	85.77
20930501	20930531	49.23
20930601	20930630	20.85
20930701	20930731	7.43
20930801	20930831	6.19
20930901	20930930	12.05
20931001	20931031	58.47
20931101	20931130	44.29
20931201	20931231	73.69
20940101	20940131	73.35
20940201	20940229	58.89
20940301	20940331	69.73
20940401	20940430	92.97
20940501	20940531	58
20940601	20940630	24.58
20940701	20940731	6.76
20940801	20940831	8.95
20940901	20940930	32.36
20941001	20941031	57.18
20941101	20941130	77.98
20941201	20941231	52.83
20950101	20950131	60.61
20950201	20950229	71.01
20950301	20950331	57.07
20950401	20950430	53.47
20950501	20950531	76.4
20950601	20950630	27.52
20950701	20950731	6.1
20950801	20950831	3.46
20950901	20950930	29.17
20951001	20951031	59.91
20951101	20951130	83.46
20951201	20951231	49.26
20960101	20960131	74.26
20960201	20960229	58.27
20960301	20960331	73.19
20960401	20960430	98.38
20960501	20960531	67.61
20960601	20960630	25.87
20960701	20960731	6.47
20960801	20960831	4.07
20960901	20960930	18.94
20961001	20961031	39.54
20961101	20961130	68.25
20961201	20961231	59.46
20970101	20970131	64.84
20970201	20970229	48.52
20970301	20970331	75.5
20970401	20970430	75.94
20970501	20970531	46.86
20970601	20970630	18.22
20970701	20970731	10.55
20970801	20970831	3.82
20970901	20970930	19.34
20971001	20971031	54.59
20971101	20971130	58.28
20971201	20971231	62.17
20980101	20980131	70.91
20980201	20980229	35.54
20980301	20980331	89.29
20980401	20980430	93.42
20980501	20980531	51.46
20980601	20980630	19.36
20980701	20980731	6.53
20980801	20980831	9.64
20980901	20980930	26.55
20981001	20981031	37.83
20981101	20981130	56.22
20981201	20981231	69.03
20990101	20990131	76.37
20990201	20990229	67.2
20990301	20990331	63.38
20990401	20990430	70.05
20990501	20990531	52.97
20990601	20990630	27.66
20990701	20990731	7.6
20990801	20990831	6.09
20990901	20990930	19.8
20991001	20991031	40.52
20991101	20991130	50.16
20991201	20991231	98.07
