0.94953651
1.15952559
1.16137752
1.01073289
-0.03149123
-1.00411406
-1.82326385
-1.88439889
-1.27725141
-0.95246780
-0.08428609
0.21441640
0.73232878
0.67932294
1.06639255
0.67631996
0.16007832
-1.32853823
-1.74108593
-0.64727097
0.06279700
0.35018957
0.12854717
0.21892539
0.49512679
0.91280031
1.12726628
0.90108556
0.07389455
-1.10500216
-1.53159998
-0.39774153
0.19327865
0.66183654
0.68317969
0.97662771
0.70225063
0.60263166
0.38630965
0.34811656
-0.29975188
-1.30639398
-2.03956458
-0.45881000
0.14692668
0.70721281
0.51630178
0.55493990
1.18291043
1.33732635
1.41421892
0.60643855
-0.22485377
-1.23863921
-1.93648530
-1.25972067
-0.40280786
0.21608723
0.35066774
0.66025506
0.68631871
1.16446187
1.30370872
1.01704882
0.08967059
-1.37491833
-1.81903987
-0.90544914
-0.54914235
-0.00602366
-0.21640475
0.11766834
0.48067264
1.11114752
1.61003161
1.32686220
0.54987611
-0.92763541
-1.88483731
-0.98985435
-0.03588152
0.53508330
0.57244923
0.05395722
0.24318376
0.68446422
0.93016229
0.51434178
-0.74485824
-1.62176112
-2.12812793
-1.19079769
-0.56333144
0.07090441
0.12509820
0.30796021
0.30698957
0.70763778
0.57008096
0.23224334
-0.69363136
-1.40859837
-1.71943783
-1.32209377
-0.41488252
0.32617984
0.76351543
0.70352737
0.43409887
0.45632371
0.94966792
1.00802241
0.37321226
-0.95085702
-1.72822531
-1.01985600
-0.11636316
0.58175649
0.85515472
0.72642054
0.52458002
0.71697254
1.15161283
0.92936908
0.00120863
-1.58627151
-2.04100946
-0.92312693
-0.47834961
-0.02710813
0.18231186
0.37890024
0.72698371
0.44584935
0.55270691
-0.08801768
-0.40724949
-1.46597164
-2.16414645
-1.02207481
0.15308322
0.71160136
0.69600131
0.38457721
0.59426924
0.99339965
1.12015339
0.69301429
-0.22721662
-1.27222678
-1.62062973
-0.88374751
-0.26092793
0.33404488
0.53223601
0.94717025
1.00117191
1.02322434
0.95832941
0.78680999
0.20604736
-0.82293875
-1.80601101
-1.34214130
-0.54241543
-0.20310012
0.46829327
0.79384807
1.20077329
1.12227632
0.91333181
0.59984671
-0.32399217
-1.26721486
-2.11243502
-1.04495353
-0.30076567
0.29986158
0.56044094
0.81199283
0.86096539
1.22969729
1.13548388
1.05800651
-0.05794211
-0.95193074
-2.12355593
-1.18238356
-0.46357177
0.12906415
0.53073636
0.77185446
1.09570737
1.47304301
1.69379491
1.19393263
-0.05720380
-1.81693176
-1.82284099
-0.98357758
-0.16013688
0.19395213
0.47990996
0.55419575
0.62161927
0.97662771
1.10839099
0.98612918
0.09176722
-0.89026141
-1.65988602
-1.04243024
-0.46877715
-0.06478119
0.10170447
0.24731689
0.68916964
0.98469918
1.09344197
0.50558164
-0.40576805
-1.55982634
-1.74795664
-0.80604753
0.17045332
0.97767029
0.88973025
0.71301572
0.58470526
1.01485893
1.04806885
0.56029239
-0.50751849
-1.62553755
-2.18933055
-1.40994449
-0.65430672
-0.10055712
0.21358061
0.40498648
0.90188562
1.47586915
1.48861626
0.79219344
-0.78753942
-2.05261506
-2.18457755
-0.69937308
-0.27534173
0.16280336
0.23274155
0.51479420
1.07450470
1.17922857
1.28898236
0.45293898
-0.40619123
-1.70594260
-1.77735919
-0.54443150
0.11420578
0.44816304
0.75891964
0.79536406
1.10387550
0.75585208
0.81158159
0.49406412
-0.15783475
-1.09578284
-2.07903655
-1.28228884
-0.14673644
0.74663159
1.14070304
1.25430048
1.14467424
1.15927859
0.97167099
0.65392112
-0.13264488
-1.10384749
-1.77777107
-1.68315583
-0.67199057
-0.12979774
0.50769849
0.57067320
0.96055673
0.86137040
0.80004532
0.29434147
-0.44608587
-1.39351940
-1.72782493
-0.82319183
0.00842155
0.65002799
0.84499485
0.76838252
0.52788498
0.87470743
0.91771337
0.62511193
-0.60205167
-1.67692085
-2.73753229
-0.97379006
-0.33383668
0.23024963
0.42836136
0.57156134
0.81391128
0.81541783
0.96539928
0.53478372
-0.28943444
-1.58590158
-1.76873213
-0.17650245
0.32634057
0.67460267
0.14863819
0.37763720
0.56652512
0.56593207
0.77129920
0.26116042
-0.36922790
-1.87565424
-2.22085375
-1.07404996
-0.25196077
0.20705296
0.40842639
0.42805090
0.71852565
0.85082374
0.86797839
0.60409641
-0.11523099
-1.02735387
-1.84411307
-0.93321775
-0.23352828
0.32376790
0.70749613
0.74663159
0.81500702
1.00724759
1.11940380
0.80828974
-0.48293173
-1.70238750
-2.73367812
-0.96377722
-0.03112569
0.58234647
0.55315364
0.42991313
0.28522637
0.71697254
0.99806518
0.94809066
-0.01000973
-1.27191316
-1.98093573
-0.51613956
0.35560432
0.76435032
0.68931212
0.53208608
0.94467070
1.09621059
1.11252495
0.53283567
-0.45341026
-1.51053147
-2.23060000
-0.94389094
0.02923069
0.65406522
0.91014154
0.89828379
1.13747306
0.89200446
0.85150083
0.21358061
-0.52368087
-1.59108732
-2.44245880
-0.35571554
0.26789307
0.73190713
0.39432853
0.40748863
0.42742990
0.46400203
0.58190399
0.66499708
-0.01527315
-1.02818862
-2.72830068
-0.80378831
-0.13872918
0.10274842
0.20839319
0.20772316
0.57496350
0.75334006
1.25802417
1.15977257
0.19630806
-1.39285197
-2.52482413
-0.28781986
0.24946374
1.04692031
0.79605291
0.99469628
1.62439264
1.81957176
1.62450123
0.55642765
-0.54757102
-1.19954941
-1.79183348
-0.91202847
-0.13872918
0.42416750
0.86730472
0.88651689
0.85772351
0.77712458
0.81706053
0.54136785
-0.48642874
-1.45974075
-2.28759098
-0.80529420
-0.50840127
-0.01127926
0.01220062
0.01956360
0.55181326
0.87040244
1.28814920
0.74243158
-0.31990173
-1.60224950
-2.01377390
-0.89679485
-0.40640285
0.25605932
0.50437134
0.79798090
0.79481287
0.64511858
0.60131279
0.33324330
-0.41254768
-1.42617236
-2.45376205
-0.95488622
-0.55994534
-0.08540501
-0.18075516
0.37747928
0.65910440
0.99391836
0.88598102
0.66973189
-0.25753661
-1.22848824
-1.88220849
-0.79102919
0.08844681
0.78970989
0.88531106
0.83929137
0.97962425
0.83847576
1.11127276
0.71866680
0.26723693
-1.02791033
-2.13475529
-0.63815639
0.09978955
0.61316232
0.71513606
0.72233458
0.89614750
1.00026608
1.04730320
0.48904932
-0.64469656
-1.91894290
-2.31374808
-0.75097620
0.55940096
1.17185309
1.20565126
1.04014876
1.23972823
1.35489362
1.62374105
1.08701512
0.25144402
-1.65950074
-2.16258580
-0.84864775
-0.28036581
0.01309962
0.05908778
0.26296830
0.84309481
0.94651266
0.97010417
0.33788937
-0.59173986
-1.68628153
-1.68902101
-0.78505005
0.10657283
0.27771725
0.39981906
0.31522958
0.88531106
1.20211541
1.09960538
0.34108923
-0.87517883
-1.83089330
-1.74755174
-0.07628098
0.67560454
0.92328147
0.28669325
0.09298952
0.28163750
0.71965470
0.98859772
0.64121438
-0.16917329
-1.45284157
-2.24423941
-0.78455251
-0.14158610
0.53448410
0.19883007
0.31409999
0.54525176
1.14851697
1.25898449
0.97923355
0.02923069
-1.07348110
-2.41887977
-1.21137919
-0.23708546
0.46997743
0.44353386
0.41467053
0.81733423
0.95058764
1.00143068
0.19513034
-0.52057273
-1.75566769
-1.90291136
-0.31847165
0.37732135
0.66284251
0.39291502
0.27133537
0.35210180
0.37178853
0.78667183
0.52563199
-0.06441106
-1.61573516
-1.91760107
0.00662012
0.23323967
0.56177753
0.30860712
0.89694877
1.29991422
1.15272666
0.90108556
0.29076399
-0.65430672
-1.65603697
-1.66877035
-0.66678921
0.05484249
0.17299867
0.33051628
0.29921270
0.63019833
1.04002086
1.00892615
0.51268233
-1.01459565
-2.04631837
-2.58088322
-0.89810389
-0.21718953
0.73878707
0.55583264
0.68246584
0.46676139
1.12077792
1.09004103
0.58956455
-0.79977758
-2.12507847
-2.11142787
-0.42104873
0.47028353
0.90161895
0.72585727
0.70068946
1.01060387
1.07526422
1.16569483
0.46384865
-0.35778957
-1.82961937
-1.87260424
-0.47813163
0.07986506
0.66327354
0.53702991
0.68118049
1.01910859
1.41513820
1.44705379
0.72754677
-0.46292188
-1.64339331
-2.01519606
-1.35289655
-0.32378749
0.12596085
0.66743712
0.87363171
1.48748997
1.58981191
1.45353998
0.60526770
-0.57874302
-1.79724058
-2.46261456
-1.40590897
-0.63652423
0.31845455
0.55969814
0.66973189
0.55598140
0.79977014
0.58824005
0.15888527
-1.00686734
-1.81903987
-1.92836593
-0.42979315
0.15154536
0.37242138
0.32328527
0.50739617
1.03105606
1.18364633
1.47711196
1.21939476
0.45232316
-0.88036796
-1.52729545
-0.33959731
0.00770112
0.27215436
0.46798695
0.86663091
0.95872257
0.82853604
0.82416924
0.29450398
-0.71910043
-2.33803289
-2.09789327
-0.65947993
-0.00204350
0.21341342
-0.03350255
-0.05167303
0.32875036
0.55761732
0.75836212
0.22642444
-0.53213774
-1.75079361
-2.25910713
-0.91202847
-0.02583107
0.69884345
0.84010677
0.74523221
1.09482656
1.51632696
1.61689255
1.08953690
-0.08055977
-1.03963015
-1.70633805
-0.70681091
-0.13587540
0.25984488
0.00301367
0.06473792
0.73738421
1.31813825
1.31683962
0.48935348
-0.95166226
-2.14038481
-2.26298537
-1.05874499
-0.36256644
0.19445714
0.51479420
0.44800885
0.52518119
0.93979771
1.20443241
0.90361842
-0.30320045
-1.33759638
-1.62629379
-0.79777492
-0.35509367
0.50830303
0.71188428
0.77573855
0.51192773
0.69201798
0.89521243
0.47594090
-0.63512615
-1.86955972
-2.07706447
-0.47051477
0.10118235
0.51222959
0.64049085
0.74607191
1.02643627
1.16113065
1.23006035
0.88531106
-0.21189693
-1.35977197
-2.06772996
-0.49058806
0.39558441
0.88330036
0.92487063
0.74831004
0.69969559
0.73064184
0.62540281
0.62496648
-0.35654494
-0.98167093
-2.42072754
-1.50911170
-0.34723010
0.63455145
0.68460691
0.68731683
-0.00330927
0.57511134
0.58101885
0.71032790
-0.18617786
-1.25691762
-1.14376826
-0.33157721
0.23821606
0.37890024
0.73176657
0.92685600
1.23393070
1.17812325
1.17025300
0.41326675
-0.59975622
-2.09241188
-2.37044117
-1.00466443
0.02046015
0.51358760
0.60512132
0.69315659
1.11577849
1.14975565
0.81336327
-0.03441729
-1.05761575
-1.91939042
-1.91715404
-0.83664691
-0.05960405
0.32826857
0.32022675
0.51735663
0.77102154
0.98625914
0.72726525
0.29060127
-0.62420357
-1.39218477
-1.70712922
-0.37235665
0.23871323
0.58750397
0.73668255
0.70834593
0.97167099
1.06550411
1.01382789
0.40138590
-0.92206748
-1.92836593
-1.89362973
-0.73680784
-0.14883766
0.09281494
-0.09680775
0.30682777
0.81842881
1.32886334
1.44967241
0.92010086
-0.10431185
-1.60523768
-1.78396103
-0.85274811
-0.42915225
-0.15725953
-0.06663263
0.38756896
0.75222296
1.11890399
1.13797018
0.91532415
0.05944126
-0.93988229
-1.91983805
-1.27285416
-0.13777758
0.61812266
1.00220685
0.77878702
0.66844129
0.77781737
0.77864852
0.20705296
-0.99944168
-1.92073368
-1.44493851
-0.40894367
-0.02127514
0.26493923
0.29726520
0.67932294
0.90774680
1.21733061
1.10312233
0.57762342
-0.66537270
-1.68042535
-2.05019036
-0.50200846
-0.03076021
0.71032790
0.63019833
0.82321321
0.91545693
1.17111468
1.17431333
0.56800722
-0.59838004
-1.82453307
-1.63007970
-0.32849941
0.51434178
0.88169091
0.77920250
0.65896053
0.62496648
0.69500595
0.77809445
0.51162584
-0.29833325
-1.66027138
-2.06772996
-0.66702538
0.40185579
0.59500370
0.65175887
0.23788458
0.59074140
0.78528994
1.08726738
0.70962019
-0.28741637
-1.62629379
-1.88483731
-1.09118854
-0.12562753
0.24070100
0.61345433
0.28587841
0.35687692
0.64266095
0.86528287
0.51554808
-0.74192751
-2.05698870
-2.28196382
-1.10038736
-0.12543813
0.43409887
0.54704267
0.22725644
0.56874801
1.03297910
1.24310570
0.55196222
-0.80203273
-2.04245562
-1.61385615
-0.52968660
0.12354477
0.40263877
0.54345980
0.66758059
0.81487007
0.90028530
0.79219344
0.41233053
-0.53080044
-1.49920344
-1.70554724
-1.09779606
-0.48621003
0.33724898
